421303199612150006
421303199612150022
421303199612150049
421303199612150065
421303199612150081
421303199612150102
421303199612150129
421303199612150145
421303199612150161
421303199612150188
421303199612150209
421303199612150225
421303199612150241
421303199612150268
421303199612150284
421303199612150305
421303199612150321
421303199612150348
421303199612150364
421303199612150380
421303199612150401
421303199612150428
421303199612150444
421303199612150460
421303199612150487
421303199612150508
421303199612150524
421303199612150540
421303199612150567
421303199612150583
421303199612150604
421303199612150620
421303199612150647
421303199612150663
42130319961215068X
421303199612150700
421303199612150727
421303199612150743
42130319961215076X
421303199612150786
421303199612150807
421303199612150823
42130319961215084X
421303199612150866
421303199612150882
421303199612150903
42130319961215092X
421303199612150946
421303199612150962
421303199612150989
421303199612151009
421303199612151025
421303199612151041
421303199612151068
421303199612151084
421303199612151105
421303199612151121
421303199612151148
421303199612151164
421303199612151180
421303199612151201
421303199612151228
421303199612151244
421303199612151260
421303199612151287
421303199612151308
421303199612151324
421303199612151340
421303199612151367
421303199612151383
421303199612151404
421303199612151420
421303199612151447
421303199612151463
42130319961215148X
421303199612151500
421303199612151527
421303199612151543
42130319961215156X
421303199612151586
421303199612151607
421303199612151623
42130319961215164X
421303199612151666
421303199612151682
421303199612151703
42130319961215172X
421303199612151746
421303199612151762
421303199612151789
42130319961215180X
421303199612151826
421303199612151842
421303199612151869
421303199612151885
421303199612151906
421303199612151922
421303199612151949
421303199612151965
421303199612151981
421303199612152001
421303199612152028
421303199612152044
421303199612152060
421303199612152087
421303199612152108
421303199612152124
421303199612152140
421303199612152167
421303199612152183
421303199612152204
421303199612152220
421303199612152247
421303199612152263
42130319961215228X
421303199612152300
421303199612152327
421303199612152343
42130319961215236X
421303199612152386
421303199612152407
421303199612152423
42130319961215244X
421303199612152466
421303199612152482
421303199612152503
42130319961215252X
421303199612152546
421303199612152562
421303199612152589
42130319961215260X
421303199612152626
421303199612152642
421303199612152669
421303199612152685
421303199612152706
421303199612152722
421303199612152749
421303199612152765
421303199612152781
421303199612152802
421303199612152829
421303199612152845
421303199612152861
421303199612152888
421303199612152909
421303199612152925
421303199612152941
421303199612152968
421303199612152984
421303199612153004
421303199612153020
421303199612153047
421303199612153063
42130319961215308X
421303199612153100
421303199612153127
421303199612153143
42130319961215316X
421303199612153186
421303199612153207
421303199612153223
42130319961215324X
421303199612153266
421303199612153282
421303199612153303
42130319961215332X
421303199612153346
421303199612153362
421303199612153389
42130319961215340X
421303199612153426
421303199612153442
421303199612153469
421303199612153485
421303199612153506
421303199612153522
421303199612153549
421303199612153565
421303199612153581
421303199612153602
421303199612153629
421303199612153645
421303199612153661
421303199612153688
421303199612153709
421303199612153725
421303199612153741
421303199612153768
421303199612153784
421303199612153805
421303199612153821
421303199612153848
421303199612153864
421303199612153880
421303199612153901
421303199612153928
421303199612153944
421303199612153960
421303199612153987
421303199612154007
421303199612154023
42130319961215404X
421303199612154066
421303199612154082
421303199612154103
42130319961215412X
421303199612154146
421303199612154162
421303199612154189
42130319961215420X
421303199612154226
421303199612154242
421303199612154269
421303199612154285
421303199612154306
421303199612154322
421303199612154349
421303199612154365
421303199612154381
421303199612154402
421303199612154429
421303199612154445
421303199612154461
421303199612154488
421303199612154509
421303199612154525
421303199612154541
421303199612154568
421303199612154584
421303199612154605
421303199612154621
421303199612154648
421303199612154664
421303199612154680
421303199612154701
421303199612154728
421303199612154744
421303199612154760
421303199612154787
421303199612154808
421303199612154824
421303199612154840
421303199612154867
421303199612154883
421303199612154904
421303199612154920
421303199612154947
421303199612154963
42130319961215498X
42130319961215500X
421303199612155026
421303199612155042
421303199612155069
421303199612155085
421303199612155106
421303199612155122
421303199612155149
421303199612155165
421303199612155181
421303199612155202
421303199612155229
421303199612155245
421303199612155261
421303199612155288
421303199612155309
421303199612155325
421303199612155341
421303199612155368
421303199612155384
421303199612155405
421303199612155421
421303199612155448
421303199612155464
421303199612155480
421303199612155501
421303199612155528
421303199612155544
421303199612155560
421303199612155587
421303199612155608
421303199612155624
421303199612155640
421303199612155667
421303199612155683
421303199612155704
421303199612155720
421303199612155747
421303199612155763
42130319961215578X
421303199612155800
421303199612155827
421303199612155843
42130319961215586X
421303199612155886
421303199612155907
421303199612155923
42130319961215594X
421303199612155966
421303199612155982
421303199612156002
421303199612156029
421303199612156045
421303199612156061
421303199612156088
421303199612156109
421303199612156125
421303199612156141
421303199612156168
421303199612156184
421303199612156205
421303199612156221
421303199612156248
421303199612156264
421303199612156280
421303199612156301
421303199612156328
421303199612156344
421303199612156360
421303199612156387
421303199612156408
421303199612156424
421303199612156440
421303199612156467
421303199612156483
421303199612156504
421303199612156520
421303199612156547
421303199612156563
42130319961215658X
421303199612156600
421303199612156627
421303199612156643
42130319961215666X
421303199612156686
421303199612156707
421303199612156723
42130319961215674X
421303199612156766
421303199612156782
421303199612156803
42130319961215682X
421303199612156846
421303199612156862
421303199612156889
42130319961215690X
421303199612156926
421303199612156942
421303199612156969
421303199612156985
421303199612157005
421303199612157021
421303199612157048
421303199612157064
421303199612157080
421303199612157101
421303199612157128
421303199612157144
421303199612157160
421303199612157187
421303199612157208
421303199612157224
421303199612157240
421303199612157267
421303199612157283
421303199612157304
421303199612157320
421303199612157347
421303199612157363
42130319961215738X
421303199612157400
421303199612157427
421303199612157443
42130319961215746X
421303199612157486
421303199612157507
421303199612157523
42130319961215754X
421303199612157566
421303199612157582
421303199612157603
42130319961215762X
421303199612157646
421303199612157662
421303199612157689
42130319961215770X
421303199612157726
421303199612157742
421303199612157769
421303199612157785
421303199612157806
421303199612157822
421303199612157849
421303199612157865
421303199612157881
421303199612157902
421303199612157929
421303199612157945
421303199612157961
421303199612157988
421303199612158008
421303199612158024
421303199612158040
421303199612158067
421303199612158083
421303199612158104
421303199612158120
421303199612158147
421303199612158163
42130319961215818X
421303199612158200
421303199612158227
421303199612158243
42130319961215826X
421303199612158286
421303199612158307
421303199612158323
42130319961215834X
421303199612158366
421303199612158382
421303199612158403
42130319961215842X
421303199612158446
421303199612158462
421303199612158489
42130319961215850X
421303199612158526
421303199612158542
421303199612158569
421303199612158585
421303199612158606
421303199612158622
421303199612158649
421303199612158665
421303199612158681
421303199612158702
421303199612158729
421303199612158745
421303199612158761
421303199612158788
421303199612158809
421303199612158825
421303199612158841
421303199612158868
421303199612158884
421303199612158905
421303199612158921
421303199612158948
421303199612158964
421303199612158980
421303199612159000
421303199612159027
421303199612159043
42130319961215906X
421303199612159086
421303199612159107
421303199612159123
42130319961215914X
421303199612159166
421303199612159182
421303199612159203
42130319961215922X
421303199612159246
421303199612159262
421303199612159289
42130319961215930X
421303199612159326
421303199612159342
421303199612159369
421303199612159385
421303199612159406
421303199612159422
421303199612159449
421303199612159465
421303199612159481
421303199612159502
421303199612159529
421303199612159545
421303199612159561
421303199612159588
421303199612159609
421303199612159625
421303199612159641
421303199612159668
421303199612159684
421303199612159705
421303199612159721
421303199612159748
421303199612159764
421303199612159780
421303199612159801
421303199612159828
421303199612159844
421303199612159860
421303199612159887
421303199612159908
421303199612159924
421303199612159940
421303199612159967
421303199612159983
